CLIENTI : 15
SUPERMERCATI : 2
VEICOLI : 3
COSTO_BENZINA_MINUTO : 0.07
TEMPO_SERVIZIO : 1
COSTO_FISSO_VEICOLO : 50

ID-DOMANDA :
1 0
2 0
3 3
4 9
5 8
6 8
7 2
8 9
9 10
10 1
11 9
12 8
13 8
14 2
15 8
16 5
17 7

NODO1-NODO2-TEMPO :
1 2 19
1 3 29
1 4 36
1 7 12
1 8 30
1 9 15
1 13 24
1 15 22
2 4 44
2 5 5
2 6 6
2 11 32
2 13 39
2 15 37
2 16 47
2 17 41
3 2 24
3 4 24
3 6 21
3 7 30
3 8 34
3 9 21
3 10 29
3 11 33
3 13 53
3 14 40
3 15 51
3 17 27
4 1 36
4 2 44
4 3 24
4 9 20
4 10 12
4 11 29
4 13 57
4 14 37
4 17 10
5 1 14
5 2 5
5 3 24
5 8 17
5 11 27
5 12 18
5 13 34
5 14 30
5 16 42
5 17 37
6 3 21
6 4 38
6 5 3
6 9 21
6 12 19
6 13 35
6 15 33
6 16 40
7 1 12
7 3 30
7 5 5
7 8 18
7 10 40
7 12 14
7 13 28
7 14 28
7 15 27
7 16 42
8 1 30
8 4 56
8 5 17
8 6 19
8 9 40
8 11 44
8 14 46
8 15 43
9 1 15
9 2 27
9 3 21
9 4 20
9 6 21
9 11 11
9 13 37
9 14 19
9 15 35
9 16 20
10 2 42
10 4 12
10 11 18
10 12 33
10 14 26
10 15 45
10 16 13
10 17 2
11 1 14
11 3 33
11 5 27
11 7 26
11 9 11
11 12 16
11 14 8
11 15 26
11 17 19
12 1 6
12 4 42
12 5 18
12 6 19
12 9 21
12 10 33
12 15 15
13 1 24
13 2 39
13 3 53
13 4 57
13 6 35
13 7 28
13 15 1
14 3 40
14 4 37
14 6 30
14 7 28
14 8 46
14 12 14
14 13 20
14 16 19
14 17 27
15 1 22
15 5 32
15 6 33
15 7 27
15 8 43
15 9 35
15 13 1
15 17 46
16 2 47
16 8 59
16 10 13
16 11 15
16 15 39
16 17 15
17 10 2
17 11 19
17 13 48
17 15 46
17 16 15

ID-TMAX-CAPACITA-SUPERMERCATO :
1 180 30 1
2 180 70 2
3 180 30 1
